# vtk DataFile Version 2.0
Unstructured Grid data/sbarA3
ASCII

DATASET UNSTRUCTURED_GRID
POINTS 297 float
 +0.00000000E+00 -1.00000000E+00 +0.00000000E+00 +2.50000000E-01 -1.00000000E+00 +0.00000000E+00
 +2.50000000E-01 -7.50000000E-01 +0.00000000E+00 +0.00000000E+00 -7.50000000E-01 +0.00000000E+00
 +5.00000000E-01 -1.00000000E+00 +0.00000000E+00 +5.00000000E-01 -7.50000000E-01 +0.00000000E+00
 +5.00000000E-01 -5.00000000E-01 +0.00000000E+00 +2.50000000E-01 -5.00000000E-01 +0.00000000E+00
 +0.00000000E+00 -5.00000000E-01 +0.00000000E+00 +7.50000000E-01 -1.00000000E+00 +0.00000000E+00
 +7.50000000E-01 -7.50000000E-01 +0.00000000E+00 +1.00000000E+00 -1.00000000E+00 +0.00000000E+00
 +1.00000000E+00 -7.50000000E-01 +0.00000000E+00 +1.00000000E+00 -5.00000000E-01 +0.00000000E+00
 +7.50000000E-01 -5.00000000E-01 +0.00000000E+00 +7.50000000E-01 -2.50000000E-01 +0.00000000E+00
 +5.00000000E-01 -2.50000000E-01 +0.00000000E+00 +1.00000000E+00 -2.50000000E-01 +0.00000000E+00
 +1.00000000E+00 +0.00000000E+00 +0.00000000E+00 +7.50000000E-01 +0.00000000E+00 +0.00000000E+00
 +5.00000000E-01 +0.00000000E+00 +0.00000000E+00 +2.50000000E-01 -2.50000000E-01 +0.00000000E+00
 +0.00000000E+00 -2.50000000E-01 +0.00000000E+00 +2.50000000E-01 +0.00000000E+00 +0.00000000E+00
 +0.00000000E+00 +0.00000000E+00 +0.00000000E+00 +1.25000000E+00 -1.00000000E+00 +0.00000000E+00
 +1.25000000E+00 -7.50000000E-01 +0.00000000E+00 +1.50000000E+00 -1.00000000E+00 +0.00000000E+00
 +1.50000000E+00 -7.50000000E-01 +0.00000000E+00 +1.50000000E+00 -5.00000000E-01 +0.00000000E+00
 +1.25000000E+00 -5.00000000E-01 +0.00000000E+00 +1.75000000E+00 -1.00000000E+00 +0.00000000E+00
 +1.75000000E+00 -7.50000000E-01 +0.00000000E+00 +2.00000000E+00 -1.00000000E+00 +0.00000000E+00
 +2.00000000E+00 -7.50000000E-01 +0.00000000E+00 +2.00000000E+00 -5.00000000E-01 +0.00000000E+00
 +1.75000000E+00 -5.00000000E-01 +0.00000000E+00 +1.75000000E+00 -2.50000000E-01 +0.00000000E+00
 +1.50000000E+00 -2.50000000E-01 +0.00000000E+00 +2.00000000E+00 -2.50000000E-01 +0.00000000E+00
 +2.00000000E+00 +0.00000000E+00 +0.00000000E+00 +1.75000000E+00 +0.00000000E+00 +0.00000000E+00
 +1.50000000E+00 +0.00000000E+00 +0.00000000E+00 +1.25000000E+00 -2.50000000E-01 +0.00000000E+00
 +1.25000000E+00 +0.00000000E+00 +0.00000000E+00 +1.25000000E+00 +2.50000000E-01 +0.00000000E+00
 +1.00000000E+00 +2.50000000E-01 +0.00000000E+00 +1.50000000E+00 +2.50000000E-01 +0.00000000E+00
 +1.50000000E+00 +5.00000000E-01 +0.00000000E+00 +1.25000000E+00 +5.00000000E-01 +0.00000000E+00
 +1.00000000E+00 +5.00000000E-01 +0.00000000E+00 +1.75000000E+00 +2.50000000E-01 +0.00000000E+00
 +2.00000000E+00 +2.50000000E-01 +0.00000000E+00 +2.00000000E+00 +5.00000000E-01 +0.00000000E+00
 +1.75000000E+00 +5.00000000E-01 +0.00000000E+00 +1.75000000E+00 +7.50000000E-01 +0.00000000E+00
 +1.50000000E+00 +7.50000000E-01 +0.00000000E+00 +2.00000000E+00 +7.50000000E-01 +0.00000000E+00
 +2.00000000E+00 +1.00000000E+00 +0.00000000E+00 +1.75000000E+00 +1.00000000E+00 +0.00000000E+00
 +1.50000000E+00 +1.00000000E+00 +0.00000000E+00 +1.25000000E+00 +7.50000000E-01 +0.00000000E+00
 +1.00000000E+00 +7.50000000E-01 +0.00000000E+00 +1.25000000E+00 +1.00000000E+00 +0.00000000E+00
 +1.00000000E+00 +1.00000000E+00 +0.00000000E+00 +2.50000000E-01 +2.50000000E-01 +0.00000000E+00
 +0.00000000E+00 +2.50000000E-01 +0.00000000E+00 +5.00000000E-01 +2.50000000E-01 +0.00000000E+00
 +5.00000000E-01 +5.00000000E-01 +0.00000000E+00 +2.50000000E-01 +5.00000000E-01 +0.00000000E+00
 +0.00000000E+00 +5.00000000E-01 +0.00000000E+00 +7.50000000E-01 +2.50000000E-01 +0.00000000E+00
 +7.50000000E-01 +5.00000000E-01 +0.00000000E+00 +7.50000000E-01 +7.50000000E-01 +0.00000000E+00
 +5.00000000E-01 +7.50000000E-01 +0.00000000E+00 +7.50000000E-01 +1.00000000E+00 +0.00000000E+00
 +5.00000000E-01 +1.00000000E+00 +0.00000000E+00 +2.50000000E-01 +7.50000000E-01 +0.00000000E+00
 +0.00000000E+00 +7.50000000E-01 +0.00000000E+00 +2.50000000E-01 +1.00000000E+00 +0.00000000E+00
 +0.00000000E+00 +1.00000000E+00 +0.00000000E+00 +2.25000000E+00 -1.00000000E+00 +0.00000000E+00
 +2.25000000E+00 -7.50000000E-01 +0.00000000E+00 +2.50000000E+00 -1.00000000E+00 +0.00000000E+00
 +2.50000000E+00 -7.50000000E-01 +0.00000000E+00 +2.50000000E+00 -5.00000000E-01 +0.00000000E+00
 +2.25000000E+00 -5.00000000E-01 +0.00000000E+00 +2.75000000E+00 -1.00000000E+00 +0.00000000E+00
 +2.75000000E+00 -7.50000000E-01 +0.00000000E+00 +3.00000000E+00 -1.00000000E+00 +0.00000000E+00
 +3.00000000E+00 -7.50000000E-01 +0.00000000E+00 +3.00000000E+00 -5.00000000E-01 +0.00000000E+00
 +2.75000000E+00 -5.00000000E-01 +0.00000000E+00 +2.75000000E+00 -2.50000000E-01 +0.00000000E+00
 +2.50000000E+00 -2.50000000E-01 +0.00000000E+00 +3.00000000E+00 -2.50000000E-01 +0.00000000E+00
 +3.00000000E+00 +0.00000000E+00 +0.00000000E+00 +2.75000000E+00 +0.00000000E+00 +0.00000000E+00
 +2.50000000E+00 +0.00000000E+00 +0.00000000E+00 +2.25000000E+00 -2.50000000E-01 +0.00000000E+00
 +2.25000000E+00 +0.00000000E+00 +0.00000000E+00 +3.25000000E+00 -1.00000000E+00 +0.00000000E+00
 +3.25000000E+00 -7.50000000E-01 +0.00000000E+00 +3.50000000E+00 -1.00000000E+00 +0.00000000E+00
 +3.50000000E+00 -7.50000000E-01 +0.00000000E+00 +3.50000000E+00 -5.00000000E-01 +0.00000000E+00
 +3.25000000E+00 -5.00000000E-01 +0.00000000E+00 +3.75000000E+00 -1.00000000E+00 +0.00000000E+00
 +3.75000000E+00 -7.50000000E-01 +0.00000000E+00 +4.00000000E+00 -1.00000000E+00 +0.00000000E+00
 +4.00000000E+00 -7.50000000E-01 +0.00000000E+00 +4.00000000E+00 -5.00000000E-01 +0.00000000E+00
 +3.75000000E+00 -5.00000000E-01 +0.00000000E+00 +3.75000000E+00 -2.50000000E-01 +0.00000000E+00
 +3.50000000E+00 -2.50000000E-01 +0.00000000E+00 +4.00000000E+00 -2.50000000E-01 +0.00000000E+00
 +4.00000000E+00 +0.00000000E+00 +0.00000000E+00 +3.75000000E+00 +0.00000000E+00 +0.00000000E+00
 +3.50000000E+00 +0.00000000E+00 +0.00000000E+00 +3.25000000E+00 -2.50000000E-01 +0.00000000E+00
 +3.25000000E+00 +0.00000000E+00 +0.00000000E+00 +3.25000000E+00 +2.50000000E-01 +0.00000000E+00
 +3.00000000E+00 +2.50000000E-01 +0.00000000E+00 +3.50000000E+00 +2.50000000E-01 +0.00000000E+00
 +3.50000000E+00 +5.00000000E-01 +0.00000000E+00 +3.25000000E+00 +5.00000000E-01 +0.00000000E+00
 +3.00000000E+00 +5.00000000E-01 +0.00000000E+00 +3.75000000E+00 +2.50000000E-01 +0.00000000E+00
 +4.00000000E+00 +2.50000000E-01 +0.00000000E+00 +4.00000000E+00 +5.00000000E-01 +0.00000000E+00
 +3.75000000E+00 +5.00000000E-01 +0.00000000E+00 +3.75000000E+00 +7.50000000E-01 +0.00000000E+00
 +3.50000000E+00 +7.50000000E-01 +0.00000000E+00 +4.00000000E+00 +7.50000000E-01 +0.00000000E+00
 +4.00000000E+00 +1.00000000E+00 +0.00000000E+00 +3.75000000E+00 +1.00000000E+00 +0.00000000E+00
 +3.50000000E+00 +1.00000000E+00 +0.00000000E+00 +3.25000000E+00 +7.50000000E-01 +0.00000000E+00
 +3.00000000E+00 +7.50000000E-01 +0.00000000E+00 +3.25000000E+00 +1.00000000E+00 +0.00000000E+00
 +3.00000000E+00 +1.00000000E+00 +0.00000000E+00 +2.25000000E+00 +2.50000000E-01 +0.00000000E+00
 +2.50000000E+00 +2.50000000E-01 +0.00000000E+00 +2.50000000E+00 +5.00000000E-01 +0.00000000E+00
 +2.25000000E+00 +5.00000000E-01 +0.00000000E+00 +2.75000000E+00 +2.50000000E-01 +0.00000000E+00
 +2.75000000E+00 +5.00000000E-01 +0.00000000E+00 +2.75000000E+00 +7.50000000E-01 +0.00000000E+00
 +2.50000000E+00 +7.50000000E-01 +0.00000000E+00 +2.75000000E+00 +1.00000000E+00 +0.00000000E+00
 +2.50000000E+00 +1.00000000E+00 +0.00000000E+00 +2.25000000E+00 +7.50000000E-01 +0.00000000E+00
 +2.25000000E+00 +1.00000000E+00 +0.00000000E+00 +4.25000000E+00 -1.00000000E+00 +0.00000000E+00
 +4.25000000E+00 -7.50000000E-01 +0.00000000E+00 +4.50000000E+00 -1.00000000E+00 +0.00000000E+00
 +4.50000000E+00 -7.50000000E-01 +0.00000000E+00 +4.50000000E+00 -5.00000000E-01 +0.00000000E+00
 +4.25000000E+00 -5.00000000E-01 +0.00000000E+00 +4.75000000E+00 -1.00000000E+00 +0.00000000E+00
 +4.75000000E+00 -7.50000000E-01 +0.00000000E+00 +5.00000000E+00 -1.00000000E+00 +0.00000000E+00
 +5.00000000E+00 -7.50000000E-01 +0.00000000E+00 +5.00000000E+00 -5.00000000E-01 +0.00000000E+00
 +4.75000000E+00 -5.00000000E-01 +0.00000000E+00 +4.75000000E+00 -2.50000000E-01 +0.00000000E+00
 +4.50000000E+00 -2.50000000E-01 +0.00000000E+00 +5.00000000E+00 -2.50000000E-01 +0.00000000E+00
 +5.00000000E+00 +0.00000000E+00 +0.00000000E+00 +4.75000000E+00 +0.00000000E+00 +0.00000000E+00
 +4.50000000E+00 +0.00000000E+00 +0.00000000E+00 +4.25000000E+00 -2.50000000E-01 +0.00000000E+00
 +4.25000000E+00 +0.00000000E+00 +0.00000000E+00 +5.25000000E+00 -1.00000000E+00 +0.00000000E+00
 +5.25000000E+00 -7.50000000E-01 +0.00000000E+00 +5.50000000E+00 -1.00000000E+00 +0.00000000E+00
 +5.50000000E+00 -7.50000000E-01 +0.00000000E+00 +5.50000000E+00 -5.00000000E-01 +0.00000000E+00
 +5.25000000E+00 -5.00000000E-01 +0.00000000E+00 +5.75000000E+00 -1.00000000E+00 +0.00000000E+00
 +5.75000000E+00 -7.50000000E-01 +0.00000000E+00 +6.00000000E+00 -1.00000000E+00 +0.00000000E+00
 +6.00000000E+00 -7.50000000E-01 +0.00000000E+00 +6.00000000E+00 -5.00000000E-01 +0.00000000E+00
 +5.75000000E+00 -5.00000000E-01 +0.00000000E+00 +5.75000000E+00 -2.50000000E-01 +0.00000000E+00
 +5.50000000E+00 -2.50000000E-01 +0.00000000E+00 +6.00000000E+00 -2.50000000E-01 +0.00000000E+00
 +6.00000000E+00 +0.00000000E+00 +0.00000000E+00 +5.75000000E+00 +0.00000000E+00 +0.00000000E+00
 +5.50000000E+00 +0.00000000E+00 +0.00000000E+00 +5.25000000E+00 -2.50000000E-01 +0.00000000E+00
 +5.25000000E+00 +0.00000000E+00 +0.00000000E+00 +5.25000000E+00 +2.50000000E-01 +0.00000000E+00
 +5.00000000E+00 +2.50000000E-01 +0.00000000E+00 +5.50000000E+00 +2.50000000E-01 +0.00000000E+00
 +5.50000000E+00 +5.00000000E-01 +0.00000000E+00 +5.25000000E+00 +5.00000000E-01 +0.00000000E+00
 +5.00000000E+00 +5.00000000E-01 +0.00000000E+00 +5.75000000E+00 +2.50000000E-01 +0.00000000E+00
 +6.00000000E+00 +2.50000000E-01 +0.00000000E+00 +6.00000000E+00 +5.00000000E-01 +0.00000000E+00
 +5.75000000E+00 +5.00000000E-01 +0.00000000E+00 +5.75000000E+00 +7.50000000E-01 +0.00000000E+00
 +5.50000000E+00 +7.50000000E-01 +0.00000000E+00 +6.00000000E+00 +7.50000000E-01 +0.00000000E+00
 +6.00000000E+00 +1.00000000E+00 +0.00000000E+00 +5.75000000E+00 +1.00000000E+00 +0.00000000E+00
 +5.50000000E+00 +1.00000000E+00 +0.00000000E+00 +5.25000000E+00 +7.50000000E-01 +0.00000000E+00
 +5.00000000E+00 +7.50000000E-01 +0.00000000E+00 +5.25000000E+00 +1.00000000E+00 +0.00000000E+00
 +5.00000000E+00 +1.00000000E+00 +0.00000000E+00 +4.25000000E+00 +2.50000000E-01 +0.00000000E+00
 +4.50000000E+00 +2.50000000E-01 +0.00000000E+00 +4.50000000E+00 +5.00000000E-01 +0.00000000E+00
 +4.25000000E+00 +5.00000000E-01 +0.00000000E+00 +4.75000000E+00 +2.50000000E-01 +0.00000000E+00
 +4.75000000E+00 +5.00000000E-01 +0.00000000E+00 +4.75000000E+00 +7.50000000E-01 +0.00000000E+00
 +4.50000000E+00 +7.50000000E-01 +0.00000000E+00 +4.75000000E+00 +1.00000000E+00 +0.00000000E+00
 +4.50000000E+00 +1.00000000E+00 +0.00000000E+00 +4.25000000E+00 +7.50000000E-01 +0.00000000E+00
 +4.25000000E+00 +1.00000000E+00 +0.00000000E+00 +6.25000000E+00 -1.00000000E+00 +0.00000000E+00
 +6.25000000E+00 -7.50000000E-01 +0.00000000E+00 +6.50000000E+00 -1.00000000E+00 +0.00000000E+00
 +6.50000000E+00 -7.50000000E-01 +0.00000000E+00 +6.50000000E+00 -5.00000000E-01 +0.00000000E+00
 +6.25000000E+00 -5.00000000E-01 +0.00000000E+00 +6.75000000E+00 -1.00000000E+00 +0.00000000E+00
 +6.75000000E+00 -7.50000000E-01 +0.00000000E+00 +7.00000000E+00 -1.00000000E+00 +0.00000000E+00
 +7.00000000E+00 -7.50000000E-01 +0.00000000E+00 +7.00000000E+00 -5.00000000E-01 +0.00000000E+00
 +6.75000000E+00 -5.00000000E-01 +0.00000000E+00 +6.75000000E+00 -2.50000000E-01 +0.00000000E+00
 +6.50000000E+00 -2.50000000E-01 +0.00000000E+00 +7.00000000E+00 -2.50000000E-01 +0.00000000E+00
 +7.00000000E+00 +0.00000000E+00 +0.00000000E+00 +6.75000000E+00 +0.00000000E+00 +0.00000000E+00
 +6.50000000E+00 +0.00000000E+00 +0.00000000E+00 +6.25000000E+00 -2.50000000E-01 +0.00000000E+00
 +6.25000000E+00 +0.00000000E+00 +0.00000000E+00 +7.25000000E+00 -1.00000000E+00 +0.00000000E+00
 +7.25000000E+00 -7.50000000E-01 +0.00000000E+00 +7.50000000E+00 -1.00000000E+00 +0.00000000E+00
 +7.50000000E+00 -7.50000000E-01 +0.00000000E+00 +7.50000000E+00 -5.00000000E-01 +0.00000000E+00
 +7.25000000E+00 -5.00000000E-01 +0.00000000E+00 +7.75000000E+00 -1.00000000E+00 +0.00000000E+00
 +7.75000000E+00 -7.50000000E-01 +0.00000000E+00 +8.00000000E+00 -1.00000000E+00 +0.00000000E+00
 +8.00000000E+00 -7.50000000E-01 +0.00000000E+00 +8.00000000E+00 -5.00000000E-01 +0.00000000E+00
 +7.75000000E+00 -5.00000000E-01 +0.00000000E+00 +7.75000000E+00 -2.50000000E-01 +0.00000000E+00
 +7.50000000E+00 -2.50000000E-01 +0.00000000E+00 +8.00000000E+00 -2.50000000E-01 +0.00000000E+00
 +8.00000000E+00 +0.00000000E+00 +0.00000000E+00 +7.75000000E+00 +0.00000000E+00 +0.00000000E+00
 +7.50000000E+00 +0.00000000E+00 +0.00000000E+00 +7.25000000E+00 -2.50000000E-01 +0.00000000E+00
 +7.25000000E+00 +0.00000000E+00 +0.00000000E+00 +7.25000000E+00 +2.50000000E-01 +0.00000000E+00
 +7.00000000E+00 +2.50000000E-01 +0.00000000E+00 +7.50000000E+00 +2.50000000E-01 +0.00000000E+00
 +7.50000000E+00 +5.00000000E-01 +0.00000000E+00 +7.25000000E+00 +5.00000000E-01 +0.00000000E+00
 +7.00000000E+00 +5.00000000E-01 +0.00000000E+00 +7.75000000E+00 +2.50000000E-01 +0.00000000E+00
 +8.00000000E+00 +2.50000000E-01 +0.00000000E+00 +8.00000000E+00 +5.00000000E-01 +0.00000000E+00
 +7.75000000E+00 +5.00000000E-01 +0.00000000E+00 +7.75000000E+00 +7.50000000E-01 +0.00000000E+00
 +7.50000000E+00 +7.50000000E-01 +0.00000000E+00 +8.00000000E+00 +7.50000000E-01 +0.00000000E+00
 +8.00000000E+00 +1.00000000E+00 +0.00000000E+00 +7.75000000E+00 +1.00000000E+00 +0.00000000E+00
 +7.50000000E+00 +1.00000000E+00 +0.00000000E+00 +7.25000000E+00 +7.50000000E-01 +0.00000000E+00
 +7.00000000E+00 +7.50000000E-01 +0.00000000E+00 +7.25000000E+00 +1.00000000E+00 +0.00000000E+00
 +7.00000000E+00 +1.00000000E+00 +0.00000000E+00 +6.25000000E+00 +2.50000000E-01 +0.00000000E+00
 +6.50000000E+00 +2.50000000E-01 +0.00000000E+00 +6.50000000E+00 +5.00000000E-01 +0.00000000E+00
 +6.25000000E+00 +5.00000000E-01 +0.00000000E+00 +6.75000000E+00 +2.50000000E-01 +0.00000000E+00
 +6.75000000E+00 +5.00000000E-01 +0.00000000E+00 +6.75000000E+00 +7.50000000E-01 +0.00000000E+00
 +6.50000000E+00 +7.50000000E-01 +0.00000000E+00 +6.75000000E+00 +1.00000000E+00 +0.00000000E+00
 +6.50000000E+00 +1.00000000E+00 +0.00000000E+00 +6.25000000E+00 +7.50000000E-01 +0.00000000E+00
 +6.25000000E+00 +1.00000000E+00 +0.00000000E+00

CELLS 256 1280
4 0 1 2 3
4 1 4 5 2
4 2 5 6 7
4 3 2 7 8
4 4 9 10 5
4 9 11 12 10
4 10 12 13 14
4 5 10 14 6
4 6 14 15 16
4 14 13 17 15
4 15 17 18 19
4 16 15 19 20
4 8 7 21 22
4 7 6 16 21
4 21 16 20 23
4 22 21 23 24
4 11 25 26 12
4 25 27 28 26
4 26 28 29 30
4 12 26 30 13
4 27 31 32 28
4 31 33 34 32
4 32 34 35 36
4 28 32 36 29
4 29 36 37 38
4 36 35 39 37
4 37 39 40 41
4 38 37 41 42
4 13 30 43 17
4 30 29 38 43
4 43 38 42 44
4 17 43 44 18
4 18 44 45 46
4 44 42 47 45
4 45 47 48 49
4 46 45 49 50
4 42 41 51 47
4 41 40 52 51
4 51 52 53 54
4 47 51 54 48
4 48 54 55 56
4 54 53 57 55
4 55 57 58 59
4 56 55 59 60
4 50 49 61 62
4 49 48 56 61
4 61 56 60 63
4 62 61 63 64
4 24 23 65 66
4 23 20 67 65
4 65 67 68 69
4 66 65 69 70
4 20 19 71 67
4 19 18 46 71
4 71 46 50 72
4 67 71 72 68
4 68 72 73 74
4 72 50 62 73
4 73 62 64 75
4 74 73 75 76
4 70 69 77 78
4 69 68 74 77
4 77 74 76 79
4 78 77 79 80
4 33 81 82 34
4 81 83 84 82
4 82 84 85 86
4 34 82 86 35
4 83 87 88 84
4 87 89 90 88
4 88 90 91 92
4 84 88 92 85
4 85 92 93 94
4 92 91 95 93
4 93 95 96 97
4 94 93 97 98
4 35 86 99 39
4 86 85 94 99
4 99 94 98 100
4 39 99 100 40
4 89 101 102 90
4 101 103 104 102
4 102 104 105 106
4 90 102 106 91
4 103 107 108 104
4 107 109 110 108
4 108 110 111 112
4 104 108 112 105
4 105 112 113 114
4 112 111 115 113
4 113 115 116 117
4 114 113 117 118
4 91 106 119 95
4 106 105 114 119
4 119 114 118 120
4 95 119 120 96
4 96 120 121 122
4 120 118 123 121
4 121 123 124 125
4 122 121 125 126
4 118 117 127 123
4 117 116 128 127
4 127 128 129 130
4 123 127 130 124
4 124 130 131 132
4 130 129 133 131
4 131 133 134 135
4 132 131 135 136
4 126 125 137 138
4 125 124 132 137
4 137 132 136 139
4 138 137 139 140
4 40 100 141 52
4 100 98 142 141
4 141 142 143 144
4 52 141 144 53
4 98 97 145 142
4 97 96 122 145
4 145 122 126 146
4 142 145 146 143
4 143 146 147 148
4 146 126 138 147
4 147 138 140 149
4 148 147 149 150
4 53 144 151 57
4 144 143 148 151
4 151 148 150 152
4 57 151 152 58
4 109 153 154 110
4 153 155 156 154
4 154 156 157 158
4 110 154 158 111
4 155 159 160 156
4 159 161 162 160
4 160 162 163 164
4 156 160 164 157
4 157 164 165 166
4 164 163 167 165
4 165 167 168 169
4 166 165 169 170
4 111 158 171 115
4 158 157 166 171
4 171 166 170 172
4 115 171 172 116
4 161 173 174 162
4 173 175 176 174
4 174 176 177 178
4 162 174 178 163
4 175 179 180 176
4 179 181 182 180
4 180 182 183 184
4 176 180 184 177
4 177 184 185 186
4 184 183 187 185
4 185 187 188 189
4 186 185 189 190
4 163 178 191 167
4 178 177 186 191
4 191 186 190 192
4 167 191 192 168
4 168 192 193 194
4 192 190 195 193
4 193 195 196 197
4 194 193 197 198
4 190 189 199 195
4 189 188 200 199
4 199 200 201 202
4 195 199 202 196
4 196 202 203 204
4 202 201 205 203
4 203 205 206 207
4 204 203 207 208
4 198 197 209 210
4 197 196 204 209
4 209 204 208 211
4 210 209 211 212
4 116 172 213 128
4 172 170 214 213
4 213 214 215 216
4 128 213 216 129
4 170 169 217 214
4 169 168 194 217
4 217 194 198 218
4 214 217 218 215
4 215 218 219 220
4 218 198 210 219
4 219 210 212 221
4 220 219 221 222
4 129 216 223 133
4 216 215 220 223
4 223 220 222 224
4 133 223 224 134
4 181 225 226 182
4 225 227 228 226
4 226 228 229 230
4 182 226 230 183
4 227 231 232 228
4 231 233 234 232
4 232 234 235 236
4 228 232 236 229
4 229 236 237 238
4 236 235 239 237
4 237 239 240 241
4 238 237 241 242
4 183 230 243 187
4 230 229 238 243
4 243 238 242 244
4 187 243 244 188
4 233 245 246 234
4 245 247 248 246
4 246 248 249 250
4 234 246 250 235
4 247 251 252 248
4 251 253 254 252
4 252 254 255 256
4 248 252 256 249
4 249 256 257 258
4 256 255 259 257
4 257 259 260 261
4 258 257 261 262
4 235 250 263 239
4 250 249 258 263
4 263 258 262 264
4 239 263 264 240
4 240 264 265 266
4 264 262 267 265
4 265 267 268 269
4 266 265 269 270
4 262 261 271 267
4 261 260 272 271
4 271 272 273 274
4 267 271 274 268
4 268 274 275 276
4 274 273 277 275
4 275 277 278 279
4 276 275 279 280
4 270 269 281 282
4 269 268 276 281
4 281 276 280 283
4 282 281 283 284
4 188 244 285 200
4 244 242 286 285
4 285 286 287 288
4 200 285 288 201
4 242 241 289 286
4 241 240 266 289
4 289 266 270 290
4 286 289 290 287
4 287 290 291 292
4 290 270 282 291
4 291 282 284 293
4 292 291 293 294
4 201 288 295 205
4 288 287 292 295
4 295 292 294 296
4 205 295 296 206

CELL_TYPES 256
9
9
9
9
9
9
9
9
9
9
9
9
9
9
9
9
9
9
9
9
9
9
9
9
9
9
9
9
9
9
9
9
9
9
9
9
9
9
9
9
9
9
9
9
9
9
9
9
9
9
9
9
9
9
9
9
9
9
9
9
9
9
9
9
9
9
9
9
9
9
9
9
9
9
9
9
9
9
9
9
9
9
9
9
9
9
9
9
9
9
9
9
9
9
9
9
9
9
9
9
9
9
9
9
9
9
9
9
9
9
9
9
9
9
9
9
9
9
9
9
9
9
9
9
9
9
9
9
9
9
9
9
9
9
9
9
9
9
9
9
9
9
9
9
9
9
9
9
9
9
9
9
9
9
9
9
9
9
9
9
9
9
9
9
9
9
9
9
9
9
9
9
9
9
9
9
9
9
9
9
9
9
9
9
9
9
9
9
9
9
9
9
9
9
9
9
9
9
9
9
9
9
9
9
9
9
9
9
9
9
9
9
9
9
9
9
9
9
9
9
9
9
9
9
9
9
9
9
9
9
9
9
9
9
9
9
9
9
9
9
9
9
9
9
9
9
9
9
9
9
9
9
9
9
9
9
